k-pop,20.46938775510204,58.84826132771338,38.37887357261134
soul,42.55769230769231,17.172067039106146,25.38562526858616
j-idol,50.0,24.688376753507015,25.311623246492985
country,40.96666666666667,16.287628865979382,24.679037800687286
hip-hop,23.630573248407643,44.78581979320532,21.155246544797677
new-age,9.4,29.16076845298281,19.76076845298281
show-tunes,49.333333333333336,30.92558613659531,18.407747196738026
blues,49.285714285714285,30.961382113821138,18.324332171893147
detroit-techno,27.285714285714285,11.06962663975782,16.216087645956463
folk,22.333333333333332,38.13897280966767,15.805639476334338
